181
581.243
294.468
22.9888
40.1357
39.8485
327.444
44.4268
45.6265
48.5392
658.669
511.948
72.851
40.3431
388.457
312.01
308.764
152.834
22.9484
750.506
575.952
412.611
387.474
181.911
309.21
211.166
199.071
165.68
165.68
162.361
147.868
125.841
236.614
74.3542
63.8727
302.027
718.242
613.239
456.109
337.935
318.508
360.141
360.141
162.021
709.582
612.028
604.676
598.681
524.203
479.852
518.599
518.599
360.171
322.15
316.211
498.357
314.675
298.471
286.383
276.926
524.478
179.271
151.635
568.096
122.168
122.168
50.0108
37.5497
610.438
604.604
628.109
573.835
359.731
290.802
281.599
276.149
736.246
244.846
245.33
245.33
242.66
241.243
238.04
5.83386
200.566
190.554
181.64
171.456
152.121
46.1972
118.992
81.3701
77.0478
101.025
106.072
120.625
651.017
149.4
606.13
159.633
161.321
182.84
369.931
366.779
290.146
289.84
243.615
231.674
302.577
323.527
194.729
324.261
326.513
328.15
173.167
344.102
345.977
161.171
359.505
117.068
112.127
409.594
81.1419
484.682
527.464
673.776
622.886
609.951
605.415
602.839
582.982
604.161
581.423
566.855
566.855
645.044
541.921
526.408
488.26
488.45
488.056
485.233
466.595
420.671
417.965
717.201
719.795
387.601
363.7
756.894
14.8087
29.1267
38.9724
42.5715
46.623
61.6494
64.0315
79.8694
88.3259
286.939
103.577
105.104
279.999
273.932
269.014
140.983
149.218
243.112
242.081
241.974
161.822
161.822
161.822
162.351
236.345
178.926
182.858
207.526
439.669
744.129
364.04
324.856
949.44
314.113
494.925
325.448
416.512
373.486
323.32
657.434
659.539
537.856
473.368
408.81
814.398
651.495
470.002
616.321
860.197
508.758
664.236
886.142
562.017
650.013
903.529
717.673
909.383
861.513
992.811
992.811
243.05
1004.51
905.618
503.654
399.339
409.366
672.335
514.702
644.122
309.482
332.587
223.792
698.874
698.874
977.433
652.541
987.375
947.172
895.308
357.862
402.953
431.607
431.607
373.38
621.692
458.48
615.807
787.889
212.933
206.808
681.889
654.5
864.715
408.282
1004.64
41.9909
41.9909
912.935
439.206
639.205
989.499
611.543
481.777
363.77
281.906
943.092
711.311
526.613
973.235
959.755
959.755
862.65
868.81
971.049
861.62
282.932
949.722
858.139
41.572
370.497
453.702
852.689
552.002
420.216
819.712
530.171
539.027
651.159
649.895
978.55
408.431
221.423
512.204
906.787
452.242
979.35
408.334
906.396
652.966
410.221
777.885
287.673
221.942
612.502
431.668
857.893
698.14
801.865
292.947
489.865
738.249
738.673
512.907
569.752
448.61
650.993
626.78
609.256
995.997
494.135
637.466
777.962
983.125
984.339
473.922
473.922
618.518
919.669
890.394
621.215
445.815
949.468
514.12
453.428
638.421
882.678
632.917
594.106
547.963
492.728
543.992
862.704
658.365
448.796
453.126
636.087
780.074
796.133
574.943
657.876
944.584
511.054
737.477
412.949
758.349
927.134
654.136
856.953
877.146
984.273
901.518
921.055
921.055
921.055
203.5
840.151
716.065
508.393
1000.78
938.102
530.486
283.043
405.317
566.645
286.456
22.3284
39.1453
38.8724
319.43
43.3738
44.4901
47.3642
642.328
499.173
71.0055
39.3742
378.763
304.124
301.019
149
22.266
731.908
561.666
402.389
377.754
177.459
301.476
205.858
194.104
161.56
161.56
158.306
144.198
122.782
230.774
72.5809
62.3178
294.601
700.457
597.924
444.791
329.599
310.416
351.203
351.203
158.009
691.934
596.901
589.642
583.898
511.226
467.926
505.694
505.694
351.247
314.226
308.419
485.999
306.883
291.06
279.346
270.074
511.486
174.899
147.751
554.06
119.127
119.127
48.7346
36.6659
595.315
589.641
612.576
559.66
350.831
283.616
274.604
269.26
718.207
238.774
239.251
239.251
236.613
235.24
232.101
5.76228
195.655
185.86
177.098
167.049
148.347
45.123
116.11
79.3649
75.1593
98.4893
103.446
117.647
634.934
145.766
591.108
155.671
157.292
178.323
360.782
357.724
282.943
282.669
237.5
225.757
295.091
315.516
189.931
316.259
318.432
319.986
168.893
335.566
337.426
157.184
350.561
114.184
109.343
399.442
79.1168
472.652
514.403
656.983
607.494
594.888
590.46
587.919
568.573
589.21
567.04
552.816
552.816
629.094
528.468
513.361
476.09
476.37
475.974
473.237
455.044
410.156
407.58
699.569
701.967
377.929
354.704
738.067
14.4436
28.3613
37.9981
41.5107
45.4237
60.1058
62.4236
77.8928
86.1738
279.832
101.056
102.467
273.136
267.161
262.405
137.561
145.506
237.096
236.092
235.975
157.819
157.819
157.819
158.321
230.488
174.488
178.28
202.417
428.756
725.706
355.032
316.971
926.292
306.175
482.863
317.508
406.396
364.422
315.422
641.387
643.485
524.736
461.795
398.796
794.766
635.751
458.323
601.394
839.222
496.499
648.023
864.522
548.306
634.138
881.535
700.222
887.206
840.488
968.705
968.705
237.104
980.018
883.491
491.419
389.566
399.41
655.983
502.362
628.333
301.827
324.481
218.096
681.835
681.835
953.565
636.582
963.282
923.998
873.469
349.135
393.11
421.025
421.025
364.274
606.648
447.363
600.775
768.666
207.717
201.774
665.3
638.524
843.612
398.294
980.079
40.9643
40.9643
890.637
428.488
623.679
965.365
596.558
470.015
354.924
275.025
920.09
694.01
513.852
949.493
936.344
936.344
841.584
847.6
947.327
840.601
276.007
926.6
837.221
40.5707
361.473
442.683
831.834
538.546
409.958
799.74
517.203
525.889
635.21
633.969
954.648
398.481
215.986
499.74
884.668
441.136
955.437
398.358
884.349
637.039
400.146
758.911
280.696
216.507
597.552
421.1
836.966
681.103
782.324
285.785
477.937
720.238
720.658
500.394
555.847
437.66
635.134
611.305
594.35
971.781
482.145
621.925
759.043
959.147
960.318
462.357
462.357
603.454
897.186
868.656
606.126
435
926.296
501.551
442.362
622.967
861.171
617.395
579.635
534.594
480.708
530.698
841.67
642.357
437.86
442.076
620.491
761.072
776.72
560.937
641.83
921.561
498.626
719.502
402.854
739.815
904.551
638.142
836.024
855.735
960.251
879.525
898.591
898.591
898.591
198.522
819.65
698.61
495.957
976.469
915.191
517.503
276.133
395.449
